insert into tickets (id, Flight_id, Customer_id)
values 
(1, 29, 11), (2, 47, 5), (3, 6, 7), (4, 8, 2), (5, 7, 3), (6, 3, 6), (7, 16, 10), (8, 18, 3), (9, 48, 10), (10, 16, 9), (11, 43, 6),
(12, 42, 9), (13, 1, 9), (14, 19, 2), (15, 2, 4), (16, 19, 1), (17, 6, 2), (18, 14, 8), (19, 1, 8), (20, 49, 12), (21, 4, 2), (22, 19, 4),
(23, 45, 9), (24, 5, 8), (25, 23, 8), (26, 28, 11), (27, 13, 11), (28, 50, 4), (29, 12, 11), (30, 18, 8), (31, 39, 7), (32, 34, 4),
(33, 2, 5), (34, 16, 6), (35, 28, 6), (36, 50, 6), (37, 31, 1), (38, 20, 8), (39, 46, 4), (40, 40, 5), (41, 11, 5), (42, 21, 6),
(43, 25, 2), (44, 22, 5), (45, 20, 1), (46, 39, 9), (47, 43, 10), (48, 1, 1), (49, 11, 9), (50, 6, 12), (51, 3, 9), (52, 39, 4),
(53, 39, 1), (54, 5, 1), (55, 35, 2), (56, 40, 6), (57, 16, 7), (58, 1, 5), (59, 33, 11), (60, 28, 7), (61, 1, 10), (62, 23, 6),
(63, 33, 10), (64, 49, 9), (65, 35, 3), (66, 39, 5), (67, 3, 11), (68, 38, 6), (69, 4, 5), (70, 27, 6), (71, 45, 12), (72, 22, 10),
(73, 34, 10), (74, 47, 12), (75, 25, 9), (76, 35, 9), (77, 10, 5), (78, 39, 11), (79, 26, 12), (80, 36, 3), (81, 7, 2), (82, 27, 8),
(83, 19, 11), (84, 13, 5), (85, 37, 12), (86, 49, 4), (87, 44, 1), (88, 2, 9), (89, 14, 4), (90, 3, 12), (91, 36, 1), (92, 30, 7),
(93, 50, 3), (94, 49, 8), (95, 26, 9), (96, 41, 10), (97, 3, 4), (98, 37, 9), (99, 9, 11), (100, 21, 7);